PARTICLES = 100
DT = 1e-10
TIMESTEPS = 1e6
POINTS = 100
QOM = 1.758820e11
RADIUS = 0.01996
INLET = 0.0075
DIV = 30
PLOT = 200